
0, 0, 1, 1, 2, 2, 3, 3, 
4, 0, 5, 1, 6, 2, 7, 3, 
8, 0, 9, 1, 10, 2, 11, 3, 
12, 4, 13, 5, 14, 6, 15, 7, 
16, 4, 17, 5, 18, 6, 19, 7, 
20, 4, 21, 5, 22, 6, 23, 7, 
24, 8, 25, 9, 26, 10, 27, 11, 
28, 8, 29, 9, 30, 10, 31, 11, 
32, 8, 33, 9, 34, 10, 35, 11, 
36, 12, 37, 13, 38, 14, 39, 15, 
40, 12, 41, 13, 42, 14, 43, 15, 
44, 12, 45, 13, 46, 14, 47, 15, 
48, 16, 49, 17, 50, 18, 51, 19, 
52, 16, 53, 17, 54, 18, 55, 19, 
56, 16, 57, 17, 58, 18, 59, 19, 
60, 20, 61, 21, 62, 22, 63, 23, 
64, 20, 65, 21, 66, 22, 67, 23, 
68, 20, 69, 21, 70, 22, 71, 23, 
72, 24, 73, 25, 74, 26, 75, 27, 
76, 24, 77, 25, 78, 26, 79, 27, 
80, 24, 81, 25, 82, 26, 83, 27, 
84, 28, 85, 29, 86, 30, 87, 31, 
88, 28, 89, 29, 90, 30, 91, 31, 
92, 28, 93, 29, 94, 30, 95, 31, 
96, 32, 97, 33, 98, 34, 99, 35, 
100, 32, 101, 33, 102, 34, 103, 35, 
104, 32, 105, 33, 106, 34, 107, 35, 
108, 36, 109, 37, 110, 38, 111, 39, 
112, 36, 113, 37, 114, 38, 115, 39, 
116, 36, 117, 37, 118, 38, 119, 39, 
120, 40, 121, 41, 122, 42, 123, 43, 
124, 40, 125, 41, 126, 42, 127, 43, 
128, 40, 129, 41, 130, 42, 131, 43, 
132, 44, 133, 45, 134, 46, 135, 47, 
136, 44, 137, 45, 138, 46, 139, 47, 
140, 44, 141, 45, 142, 46, 143, 47, 
144, 48, 145, 49, 146, 50, 147, 51, 
148, 48, 149, 49, 150, 50, 151, 51, 
152, 48, 153, 49, 154, 50, 155, 51, 
156, 52, 157, 53, 158, 54, 159, 55, 
160, 52, 161, 53, 162, 54, 163, 55, 
164, 52, 165, 53, 166, 54, 167, 55, 
168, 56, 169, 57, 170, 58, 171, 59, 
172, 56, 173, 57, 174, 58, 175, 59, 
176, 56, 177, 57, 178, 58, 179, 59, 
180, 60, 181, 61, 182, 62, 183, 63, 
184, 60, 185, 61, 186, 62, 187, 63, 
188, 60, 189, 61, 190, 62, 191, 63, 
192, 64, 193, 65, 194, 66, 195, 67, 
196, 64, 197, 65, 198, 66, 199, 67, 
200, 64, 201, 65, 202, 66, 203, 67, 
204, 68, 205, 69, 206, 70, 207, 71, 
208, 68, 209, 69, 210, 70, 211, 71, 
212, 68, 213, 69, 214, 70, 215, 71, 
216, 72, 217, 73, 218, 74, 219, 75, 
220, 72, 221, 73, 222, 74, 223, 75, 
224, 72, 225, 73, 226, 74, 227, 75, 
228, 76, 229, 77, 230, 78, 231, 79, 
232, 76, 233, 77, 234, 78, 235, 79, 
236, 76, 237, 77, 238, 78, 239, 79, 
240, 80, 241, 81, 242, 82, 243, 83, 
244, 80, 245, 81, 246, 82, 247, 83, 
248, 80, 249, 81, 250, 82, 251, 83, 
252, 84, 253, 85, 254, 86, 255, 87, 
256, 84, 257, 85, 258, 86, 259, 87, 
260, 84, 261, 85, 262, 86, 263, 87, 
264, 88, 265, 89, 266, 90, 267, 91, 
268, 88, 269, 89, 270, 90, 271, 91, 
272, 88, 273, 89, 274, 90, 275, 91, 
276, 92, 277, 93, 278, 94, 279, 95, 
280, 92, 281, 93, 282, 94, 283, 95, 
284, 92, 285, 93, 286, 94, 287, 95, 
288, 96, 289, 97, 290, 98, 291, 99, 
292, 96, 293, 97, 294, 98, 295, 99, 
296, 96, 297, 97, 298, 98, 299, 99, 
300, 100, 301, 101, 302, 102, 303, 103, 
304, 100, 305, 101, 306, 102, 307, 103, 
308, 100, 309, 101, 310, 102, 311, 103, 
312, 104, 313, 105, 314, 106, 315, 107, 
316, 104, 317, 105, 318, 106, 319, 107, 
320, 104, 321, 105, 322, 106, 323, 107, 
324, 108, 325, 109, 326, 110, 327, 111, 
328, 108, 329, 109, 330, 110, 331, 111, 
332, 108, 333, 109, 334, 110, 335, 111, 
336, 112, 337, 113, 338, 114, 339, 115, 
340, 112, 341, 113, 342, 114, 343, 115, 
344, 112, 345, 113, 346, 114, 347, 115, 
348, 116, 349, 117, 350, 118, 351, 119, 
352, 116, 353, 117, 354, 118, 355, 119, 
356, 116, 357, 117, 358, 118, 359, 119, 
360, 120, 361, 121, 362, 122, 363, 123, 
364, 120, 365, 121, 366, 122, 367, 123, 
368, 120, 369, 121, 370, 122, 371, 123, 
372, 124, 373, 125, 374, 126, 375, 127, 
376, 124, 377, 125, 378, 126, 379, 127, 
380, 124, 381, 125, 382, 126, 383, 127, 
384, 128, 385, 129, 386, 130, 387, 131, 
388, 128, 389, 129, 390, 130, 391, 131, 
392, 128, 393, 129, 394, 130, 395, 131, 
396, 132, 397, 133, 398, 134, 399, 135, 
400, 132, 401, 133, 402, 134, 403, 135, 
404, 132, 405, 133, 406, 134, 407, 135, 
408, 136, 409, 137, 410, 138, 411, 139, 
412, 136, 413, 137, 414, 138, 415, 139, 
416, 136, 417, 137, 418, 138, 419, 139, 
420, 140, 421, 141, 422, 142, 423, 143, 
424, 140, 425, 141, 426, 142, 427, 143, 
428, 140, 429, 141, 430, 142, 431, 143, 
432, 144, 433, 145, 434, 146, 435, 147, 
436, 144, 437, 145, 438, 146, 439, 147, 
440, 144, 441, 145, 442, 146, 443, 147, 
444, 148, 445, 149, 446, 150, 447, 151, 
448, 148, 449, 149, 450, 150, 451, 151, 
452, 148, 453, 149, 454, 150, 455, 151, 
456, 152, 457, 153, 458, 154, 459, 155, 
460, 152, 461, 153, 462, 154, 463, 155, 
464, 152, 465, 153, 466, 154, 467, 155, 
468, 156, 469, 157, 470, 158, 471, 159, 
472, 156, 473, 157, 474, 158, 475, 159, 
476, 156, 477, 157, 478, 158, 479, 159, 
480, 160, 481, 161, 482, 162, 483, 163, 
484, 160, 485, 161, 486, 162, 487, 163, 
488, 160, 489, 161, 490, 162, 491, 163, 
492, 164, 493, 165, 494, 166, 495, 167, 
496, 164, 497, 165, 498, 166, 499, 167, 
500, 164, 501, 165, 502, 166, 503, 167, 
504, 168, 505, 169, 506, 170, 507, 171, 
508, 168, 509, 169, 510, 170, 511, 171, 
512, 168, 513, 169, 514, 170, 515, 171, 
516, 172, 517, 173, 518, 174, 519, 175, 
520, 172, 521, 173, 522, 174, 523, 175, 
524, 172, 525, 173, 526, 174, 527, 175, 
528, 176, 529, 177, 530, 178, 531, 179, 
532, 176, 533, 177, 534, 178, 535, 179, 
536, 176, 537, 177, 538, 178, 539, 179, 
540, 180, 541, 181, 542, 182, 543, 183, 
544, 180, 545, 181, 546, 182, 547, 183, 
548, 180, 549, 181, 550, 182, 551, 183, 
552, 184, 553, 185, 554, 186, 555, 187, 
556, 184, 557, 185, 558, 186, 559, 187, 
560, 184, 561, 185, 562, 186, 563, 187, 
564, 188, 565, 189, 566, 190, 567, 191, 
568, 188, 569, 189, 570, 190, 571, 191, 
572, 188, 573, 189, 574, 190, 575, 191, 
576, 192, 577, 193, 578, 194, 579, 195, 
580, 192, 581, 193, 582, 194, 583, 195, 
584, 192, 585, 193, 586, 194, 587, 195, 
588, 196, 589, 197, 590, 198, 591, 199, 
592, 196, 593, 197, 594, 198, 595, 199, 
596, 196, 597, 197, 598, 198, 599, 199, 
600, 200, 601, 201, 602, 202, 603, 203, 
604, 200, 605, 201, 606, 202, 607, 203, 
608, 200, 609, 201, 610, 202, 611, 203, 
612, 204, 613, 205, 614, 206, 615, 207, 
616, 204, 617, 205, 618, 206, 619, 207, 
620, 204, 621, 205, 622, 206, 623, 207, 
624, 208, 625, 209, 626, 210, 627, 211, 
628, 208, 629, 209, 630, 210, 631, 211, 
632, 208, 633, 209, 634, 210, 635, 211, 
636, 212, 637, 213, 638, 214, 639, 215, 
640, 212, 641, 213, 642, 214, 643, 215, 
644, 212, 645, 213, 646, 214, 647, 215, 
648, 216, 649, 217, 650, 218, 651, 219, 
652, 216, 653, 217, 654, 218, 655, 219, 
656, 216, 657, 217, 658, 218, 659, 219, 
660, 220, 661, 221, 662, 222, 663, 223, 
664, 220, 665, 221, 666, 222, 667, 223, 
668, 220, 669, 221, 670, 222, 671, 223, 
672, 224, 673, 225, 674, 226, 675, 227, 
676, 224, 677, 225, 678, 226, 679, 227, 
680, 224, 681, 225, 682, 226, 683, 227, 
684, 228, 685, 229, 686, 230, 687, 231, 
688, 228, 689, 229, 690, 230, 691, 231, 
692, 228, 693, 229, 694, 230, 695, 231, 
696, 232, 697, 233, 698, 234, 699, 235, 
700, 232, 701, 233, 702, 234, 703, 235, 
704, 232, 705, 233, 706, 234, 707, 235, 
708, 236, 709, 237, 710, 238, 711, 239, 
712, 236, 713, 237, 714, 238, 715, 239, 
716, 236, 717, 237, 718, 238, 719, 239, 
720, 240, 721, 241, 722, 242, 723, 243, 
724, 240, 725, 241, 726, 242, 727, 243, 
728, 240, 729, 241, 730, 242, 731, 243, 
732, 244, 733, 245, 734, 246, 735, 247, 
736, 244, 737, 245, 738, 246, 739, 247, 
740, 244, 741, 245, 742, 246, 743, 247, 
744, 248, 745, 249, 746, 250, 747, 251, 
748, 248, 749, 249, 750, 250, 751, 251, 
752, 248, 753, 249, 754, 250, 755, 251, 
756, 252, 757, 253, 758, 254, 759, 255, 
760, 252, 761, 253, 762, 254, 763, 255, 
764, 252, 765, 253, 766, 254, 767, 255, 
768, 256, 769, 257, 770, 258, 771, 259, 
772, 256, 773, 257, 774, 258, 775, 259, 
776, 256, 777, 257, 778, 258, 779, 259, 
780, 260, 781, 261, 782, 262, 783, 263, 
784, 260, 785, 261, 786, 262, 787, 263, 
788, 260, 789, 261, 790, 262, 791, 263, 
792, 264, 793, 265, 794, 266, 795, 267, 
796, 264, 797, 265, 798, 266, 799, 267, 
800, 264, 801, 265, 802, 266, 803, 267, 
804, 268, 805, 269, 806, 270, 807, 271, 
808, 268, 809, 269, 810, 270, 811, 271, 
812, 268, 813, 269, 814, 270, 815, 271, 
816, 272, 817, 273, 818, 274, 819, 275, 
820, 272, 821, 273, 822, 274, 823, 275, 
824, 272, 825, 273, 826, 274, 827, 275, 
828, 276, 829, 277, 830, 278, 831, 279, 
832, 276, 833, 277, 834, 278, 835, 279, 
836, 276, 837, 277, 838, 278, 839, 279, 
840, 280, 841, 281, 842, 282, 843, 283, 
844, 280, 845, 281, 846, 282, 847, 283, 
848, 280, 849, 281, 850, 282, 851, 283, 
852, 284, 853, 285, 854, 286, 855, 287, 
856, 284, 857, 285, 858, 286, 859, 287, 
860, 284, 861, 285, 862, 286, 863, 287, 
864, 288, 865, 289, 866, 290, 867, 291, 
868, 288, 869, 289, 870, 290, 871, 291, 
872, 288, 873, 289, 874, 290, 875, 291, 
876, 292, 877, 293, 878, 294, 879, 295, 
880, 292, 881, 293, 882, 294, 883, 295, 
884, 292, 885, 293, 886, 294, 887, 295, 
888, 296, 889, 297, 890, 298, 891, 299, 
892, 296, 893, 297, 894, 298, 895, 299, 
896, 296, 897, 297, 898, 298, 899, 299, 
900, 300, 901, 301, 902, 302, 903, 303, 
904, 300, 905, 301, 906, 302, 907, 303, 
908, 300, 909, 301, 910, 302, 911, 303, 
912, 304, 913, 305, 914, 306, 915, 307, 
916, 304, 917, 305, 918, 306, 919, 307, 
920, 304, 921, 305, 922, 306, 923, 307, 
924, 308, 925, 309, 926, 310, 927, 311, 
928, 308, 929, 309, 930, 310, 931, 311, 
932, 308, 933, 309, 934, 310, 935, 311, 
936, 312, 937, 313, 938, 314, 939, 315, 
940, 312, 941, 313, 942, 314, 943, 315, 
944, 312, 945, 313, 946, 314, 947, 315, 
948, 316, 949, 317, 950, 318, 951, 319, 
952, 316, 953, 317, 954, 318, 955, 319, 
956, 316, 957, 317, 958, 318, 959, 319, 
960, 320, 961, 321, 962, 322, 963, 323, 
964, 320, 965, 321, 966, 322, 967, 323, 
968, 320, 969, 321, 970, 322, 971, 323, 
972, 324, 973, 325, 974, 326, 975, 327, 
976, 324, 977, 325, 978, 326, 979, 327, 
980, 324, 981, 325, 982, 326, 983, 327, 
984, 328, 985, 329, 986, 330, 987, 331, 
988, 328, 989, 329, 990, 330, 991, 331, 
